5.205993944948488661e+00
5.210380446788822617e+00
5.214766948629154797e+00
5.219153450469488753e+00
5.223539952309822709e+00
5.227926454150155777e+00
5.232312955990488845e+00
5.236699457830821913e+00
5.241085959671154981e+00
5.245472461511488937e+00
5.249858963351822005e+00
5.254245465192155962e+00
5.258631967032489030e+00
5.263018468872822098e+00
5.267404970713156054e+00
5.271791472553488234e+00
5.276177974393822190e+00
5.280564476234156146e+00
5.284950978074488326e+00
5.289337479914822282e+00
5.293723981755156238e+00
5.298110483595489306e+00
5.302496985435822374e+00
5.306883487276155442e+00
5.311269989116488510e+00
5.315656490956822466e+00
5.320042992797155534e+00
5.324429494637489491e+00
5.328815996477822559e+00
5.333202498318155627e+00
5.337589000158489583e+00
5.341975501998822651e+00
5.346362003839155719e+00
5.350748505679489675e+00
5.355135007519821855e+00
5.359521509360155811e+00
5.363908011200488879e+00
5.368294513040821947e+00
5.372681014881155903e+00
5.377067516721489859e+00
5.381454018561822039e+00
5.385840520402155995e+00
5.390227022242489063e+00
5.394613524082823020e+00
5.399000025923156088e+00
5.403386527763489156e+00
5.407773029603822224e+00
5.412159531444156180e+00
5.416546033284489248e+00
5.420932535124823204e+00
5.425319036965156272e+00
5.429705538805489340e+00
5.434092040645822408e+00
5.438478542486155476e+00
5.442865044326489432e+00
5.447251546166822500e+00
5.451638048007155568e+00
5.456024549847489524e+00
5.460411051687823480e+00
5.464797553528155660e+00
5.469184055368489616e+00
5.473570557208822684e+00
5.477957059049155752e+00
5.482343560889489709e+00
5.486730062729822777e+00
5.491116564570155845e+00
5.495503066410489801e+00
5.499889568250822869e+00
5.504276070091155937e+00
5.508662571931489005e+00
5.513049073771822961e+00
5.517435575612156917e+00
5.521822077452489097e+00
5.526208579292823053e+00
5.530595081133156121e+00
5.534981582973489189e+00
5.539368084813823145e+00
5.543754586654157102e+00
5.548141088494489281e+00
5.552527590334823238e+00
5.556914092175156306e+00
5.561300594015489374e+00
5.565687095855823330e+00
5.570073597696155510e+00
5.574460099536489466e+00
5.578846601376823422e+00
5.583233103217156490e+00
5.587619605057489558e+00
5.592006106897822626e+00
5.596392608738156582e+00
5.600779110578489650e+00
5.605165612418822718e+00
5.609552114259156674e+00
5.613938616099489742e+00
5.618325117939822810e+00
5.622711619780156767e+00
5.627098121620489835e+00
5.631484623460822903e+00
5.635871125301156859e+00
5.640257627141489927e+00
5.644644128981822995e+00
5.649030630822156951e+00
5.653417132662490019e+00
5.657803634502823087e+00
5.662190136343157043e+00
5.666576638183490111e+00
5.670963140023823179e+00
5.675349641864156247e+00
5.679736143704490203e+00
5.684122645544824159e+00
5.688509147385156339e+00
5.692895649225490295e+00
5.697282151065823363e+00
5.701668652906156431e+00
5.706055154746489499e+00
5.710441656586823456e+00
5.714828158427156524e+00
5.719214660267490480e+00
5.723601162107823548e+00
5.727987663948156616e+00
5.732374165788490572e+00
5.736760667628823640e+00
5.741147169469156708e+00
5.745533671309489776e+00
5.749920173149823732e+00
5.754306674990156800e+00
5.758693176830489868e+00
5.763079678670822936e+00
5.767466180511156892e+00
5.771852682351489960e+00
5.776239184191823917e+00
5.780625686032156985e+00
5.785012187872490053e+00
5.789398689712823121e+00
5.793785191553156189e+00
5.798171693393490145e+00
5.802558195233824101e+00
5.806944697074156281e+00
5.811331198914490237e+00
5.815717700754823305e+00
5.820104202595157261e+00
5.824490704435490329e+00
5.828877206275824285e+00
5.833263708116157353e+00
5.837650209956490421e+00
5.842036711796823489e+00
5.846423213637156557e+00
5.850809715477490514e+00
5.855196217317823582e+00
5.859582719158157538e+00
5.863969220998490606e+00
5.868355722838823674e+00
5.872742224679156742e+00
5.877128726519490698e+00
5.881515228359824654e+00
5.885901730200157722e+00
5.890288232040489902e+00
5.894674733880824746e+00
5.899061235721157814e+00
5.903447737561489994e+00
5.907834239401823950e+00
5.912220741242157018e+00
5.916607243082490974e+00
5.920993744922824042e+00
5.925380246763157110e+00
5.929766748603490178e+00
5.934153250443823246e+00
5.938539752284157203e+00
5.942926254124491159e+00
5.947312755964824227e+00
5.951699257805157295e+00
5.956085759645491251e+00
5.960472261485823431e+00
5.964858763326157387e+00
5.969245265166490455e+00
5.973631767006824411e+00
5.978018268847157479e+00
5.982404770687490547e+00
5.986791272527823615e+00
5.991177774368157571e+00
5.995564276208490639e+00
5.999950778048824596e+00
6.004337279889157664e+00
6.008723781729490732e+00
6.013110283569824688e+00
6.017496785410157756e+00
6.021883287250490824e+00
6.026269789090824780e+00
6.030656290931157848e+00
6.035042792771490916e+00
6.039429294611824872e+00
6.043815796452157052e+00
6.048202298292491008e+00
6.052588800132824964e+00
6.056975301973158032e+00
6.061361803813491100e+00
6.065748305653825057e+00
6.070134807494158125e+00
6.074521309334491193e+00
6.078907811174824261e+00
6.083294313015157329e+00
6.087680814855491285e+00
6.092067316695823465e+00
6.096453818536157421e+00
6.100840320376490489e+00
6.105226822216824445e+00
6.109613324057157513e+00
6.113999825897490581e+00
6.118386327737824537e+00
6.122772829578158493e+00
6.127159331418491561e+00
6.131545833258824629e+00
6.135932335099157697e+00
6.140318836939490765e+00
6.144705338779824721e+00
6.149091840620157789e+00
6.153478342460490857e+00
6.157864844300824814e+00
6.162251346141157882e+00
6.166637847981490950e+00
6.171024349821824906e+00
6.175410851662157974e+00
6.179797353502491930e+00
6.184183855342824998e+00
6.188570357183158066e+00
6.192956859023492022e+00
6.197343360863825090e+00
6.201729862704158158e+00
6.206116364544492114e+00
6.210502866384824294e+00
6.214889368225158250e+00
6.219275870065491318e+00
6.223662371905824386e+00
6.228048873746158343e+00
6.232435375586490522e+00
6.236821877426824479e+00
6.241208379267158435e+00
6.245594881107490615e+00
6.249981382947824571e+00
6.254367884788158527e+00
6.258754386628491595e+00
6.263140888468824663e+00
6.267527390309157731e+00
