0.000000000000000000e+00
0.000000000000000000e+00
0.000000000000000000e+00
0.000000000000000000e+00
0.000000000000000000e+00
0.000000000000000000e+00
0.000000000000000000e+00
0.000000000000000000e+00
0.000000000000000000e+00
0.000000000000000000e+00
5.666666666666666519e-01
1.004388073500134260e+00
1.377962741244095124e+00
8.938323273398322000e-01
1.614382404409636651e+00
1.396659935866461311e+00
1.900717194730641602e+00
1.656254177911073100e+00
1.746033412044270428e+00
1.918494113866600959e+00
1.976834359108283090e+00
2.312732220134519068e+00
2.172008181498843893e+00
2.438705140827220674e+00
2.091198350731395816e+00
2.648085799242491767e+00
2.588409653530925780e+00
2.747052729906615642e+00
2.451925327158178458e+00
2.517365257970844095e+00
2.849896492543392057e+00
2.580802861796683167e+00
2.726772114255913593e+00
2.665269123784125949e+00
2.776177647353431865e+00
2.897491087681675737e+00
2.694445007739693310e+00
2.937634541289022572e+00
2.806467014045340047e+00
3.054270516511103484e+00
2.759057695422279188e+00
3.318289899004820853e+00
4.936298590279410092e+00
5.798962277359533068e+00
3.556855928676732503e+00
3.157405431138396334e+00
2.983722438395781218e+00
3.103134163510858023e+00
4.975189479076999710e+00
7.834840338391045655e+00
7.939745867227657961e+00
7.821068579065766357e+00
8.904378625106263101e+00
1.161286516869368945e+01
1.135714333066967541e+01
8.353981701460924114e+00
7.421788408380620261e+00
7.076212326101007477e+00
6.919388122576168421e+00
7.055842409626648326e+00
6.962915172959306176e+00
6.978443263932114782e+00
6.577373370215712001e+00
6.618103703526698744e+00
6.318561539654425019e+00
6.374090001955507567e+00
6.154310573926144556e+00
6.111521309745724828e+00
5.884390204175685923e+00
6.073167175742725910e+00
5.860397321140850657e+00
5.912064780791062013e+00
5.666232689172498560e+00
5.841136645197065214e+00
5.706526606690586867e+00
5.823985591459898359e+00
5.538697078169522392e+00
5.726469173319960859e+00
5.629923828347545012e+00
5.924098398186226078e+00
5.906602997342689676e+00
6.135641710809905724e+00
7.208590205752327229e+00
1.704164973510771830e+01
2.783306164035542452e+01
3.657891988496250946e+01
2.402917552163955861e+01
9.772682240837681888e+00
5.881469656693975701e+00
6.126991970063992099e+00
6.216044793019077197e+00
5.676807771884431197e+00
5.070721209925037165e+00
5.419649019229868081e+00
6.511711337883654416e+00
8.198894021545964250e+00
8.925799249142141178e+00
1.004280530681539929e+01
1.103849814780047289e+01
1.265599765057745607e+01
1.374518751745288014e+01
1.628477247648512005e+01
1.737433674581204457e+01
1.923409839762607731e+01
2.151282057790113456e+01
2.295943785946095517e+01
2.472191185111747203e+01
2.647447314848625055e+01
2.821010597860603042e+01
2.945977692007156534e+01
3.043245640251970485e+01
3.199742677939242697e+01
3.291661175801187511e+01
3.313439800681579328e+01
3.339918360531527952e+01
3.477420561424047207e+01
3.579934809719969024e+01
3.621449932502981994e+01
3.578285298711571727e+01
3.525298099597940649e+01
3.538106693530112068e+01
3.268352440179653939e+01
3.148793590948585219e+01
2.896077308062115918e+01
2.711167185540848834e+01
2.469541557345763749e+01
2.288491081804798100e+01
2.075601220247606093e+01
1.873224260536996155e+01
1.725714038471922862e+01
1.574171184408614543e+01
1.437206466993882614e+01
1.304345566065159190e+01
1.228750723746732554e+01
1.144858753560700571e+01
1.092113601999821171e+01
1.006752352673944451e+01
9.666571110892045127e+00
9.154861326884990547e+00
8.785585217553263604e+00
8.099202451874454312e+00
8.042997157095033600e+00
7.684503910693671891e+00
7.650957541086531144e+00
7.358503001094945262e+00
7.228095181565453053e+00
7.133824095233275209e+00
7.218647734830172524e+00
7.098729681520349999e+00
7.005700215226305261e+00
6.863358812712936796e+00
7.219489245383562626e+00
7.168403740596285267e+00
7.304100593152495158e+00
7.134144907213732623e+00
7.630867131211459764e+00
7.586660123130213762e+00
7.722597361183598963e+00
7.317080660028303818e+00
7.801975531870058767e+00
7.846423473741196197e+00
7.957191018850449105e+00
7.797787453644013489e+00
8.095099798236271127e+00
8.141690979309858633e+00
8.365855646986592120e+00
8.291665501748804346e+00
8.447162532087789444e+00
8.555849939068776777e+00
8.781364192334738306e+00
8.875577766324441953e+00
9.184142373050228514e+00
9.164079791763928284e+00
9.889134827254693505e+00
1.012007059932495778e+01
1.056395889686299583e+01
1.090754345199638742e+01
1.172669710958058431e+01
3.595113640216634110e+01
8.181464473558685313e+01
4.308497943051811774e+01
2.196236426695035107e+02
3.549169902739134272e+02
3.954234516282232335e+02
1.125960370544556213e+02
3.011947406937736105e+02
1.944204309396524479e+02
1.147257425531815613e+02
2.560521319761047110e+01
1.377163169434588141e+01
1.094000078624864436e+01
1.021181876853489889e+01
9.222320390737809959e+00
9.431849671645817779e+00
8.971511784208175300e+00
8.245363506979991541e+00
6.945931435131638132e+00
6.628019827474105341e+00
6.124603348784702028e+00
6.418357846193236682e+00
6.510141923315928558e+00
7.500077960620970430e+00
7.795207205898501357e+00
7.317185467333408688e+00
6.994891834019161259e+00
7.396709521388744157e+00
7.436891108600021560e+00
7.343118110760429751e+00
7.103561882993346899e+00
7.572689931878993974e+00
7.478391204520141500e+00
7.500262325142879050e+00
7.231175438276460810e+00
7.825061637860708075e+00
7.543015951781911532e+00
7.746015833450663912e+00
7.608612891088143648e+00
7.965351064068436848e+00
7.803305551794951889e+00
7.911912040389796452e+00
7.929550019377456849e+00
9.321180772642291501e+00
1.342360410802373494e+01
1.529288856681498210e+01
1.238474902069838990e+01
1.562168227040168311e+01
3.001478369862332229e+01
2.054343246889885322e+01
1.879502264912905929e+01
2.029942655357435299e+01
2.703034260272916711e+01
1.245288833894263725e+01
6.749368607735060088e+00
5.380132513454898735e+00
3.985294867783153894e+00
3.590986964428385608e+00
3.461831731618670638e+00
3.494641507123568136e+00
3.008371232961791986e+00
3.085286539193238475e+00
2.822330200775067688e+00
3.095751609032695750e+00
2.790962534017279228e+00
