5.201208966394093913e+00
5.205596381290850339e+00
5.209983796187608540e+00
5.214371211084365854e+00
5.218758625981124943e+00
5.223146040877881369e+00
5.227533455774639570e+00
5.231920870671397772e+00
5.236308285568155085e+00
5.240695700464913287e+00
5.245083115361670600e+00
5.249470530258428802e+00
5.253857945155186115e+00
5.258245360051943429e+00
5.262632774948701631e+00
5.267020189845458944e+00
5.271407604742216257e+00
5.275795019638974459e+00
5.280182434535731772e+00
5.284569849432489974e+00
5.288957264329247288e+00
5.293344679226005489e+00
5.297732094122762803e+00
5.302119509019520116e+00
5.306506923916277429e+00
5.310894338813035631e+00
5.315281753709792945e+00
5.319669168606551146e+00
5.324056583503309348e+00
5.328443998400066661e+00
5.332831413296823975e+00
5.337218828193582176e+00
5.341606243090339490e+00
5.345993657987097691e+00
5.350381072883855005e+00
5.354768487780612318e+00
5.359155902677370520e+00
5.363543317574127833e+00
5.367930732470886035e+00
5.372318147367643348e+00
5.376705562264400662e+00
5.381092977161158863e+00
5.385480392057916177e+00
5.389867806954674379e+00
5.394255221851431692e+00
5.398642636748189894e+00
5.403030051644947207e+00
5.407417466541704520e+00
5.411804881438462722e+00
5.416192296335220036e+00
5.420579711231978237e+00
5.424967126128735551e+00
5.429354541025492864e+00
5.433741955922251066e+00
5.438129370819008379e+00
5.442516785715766581e+00
5.446904200612523894e+00
5.451291615509281208e+00
5.455679030406039409e+00
5.460066445302796723e+00
5.464453860199554924e+00
5.468841275096312238e+00
5.473228689993069551e+00
5.477616104889827753e+00
5.482003519786585066e+00
5.486390934683343268e+00
5.490778349580100581e+00
5.495165764476858783e+00
5.499553179373616096e+00
5.503940594270373410e+00
5.508328009167131611e+00
5.512715424063888925e+00
5.517102838960647126e+00
5.521490253857404440e+00
5.525877668754161753e+00
5.530265083650919955e+00
5.534652498547677268e+00
5.539039913444435470e+00
5.543427328341192784e+00
5.547814743237950985e+00
5.552202158134708299e+00
5.556589573031465612e+00
5.560976987928223814e+00
5.565364402824981127e+00
5.569751817721739329e+00
5.574139232618496642e+00
5.578526647515253956e+00
5.582914062412012157e+00
5.587301477308769471e+00
5.591688892205527672e+00
5.596076307102284986e+00
5.600463721999042299e+00
5.604851136895800501e+00
5.609238551792557814e+00
5.613625966689316016e+00
5.618013381586073329e+00
5.622400796482830643e+00
5.626788211379588844e+00
5.631175626276346158e+00
5.635563041173104359e+00
5.639950456069861673e+00
5.644337870966618986e+00
5.648725285863377188e+00
5.653112700760134501e+00
5.657500115656892703e+00
5.661887530553650016e+00
5.666274945450408218e+00
5.670662360347165531e+00
5.675049775243922845e+00
5.679437190140681047e+00
5.683824605037438360e+00
5.688212019934196562e+00
5.692599434830953875e+00
5.696986849727711189e+00
5.701374264624469390e+00
5.705761679521226704e+00
5.710149094417984905e+00
5.714536509314742219e+00
5.718923924211500420e+00
5.723311339108258622e+00
5.727698754005015047e+00
5.732086168901773249e+00
5.736473583798530562e+00
5.740860998695288764e+00
5.745248413592046077e+00
5.749635828488803391e+00
5.754023243385561592e+00
5.758410658282318906e+00
5.762798073179077996e+00
5.767185488075834421e+00
5.771572902972591734e+00
5.775960317869349936e+00
5.780347732766107249e+00
5.784735147662866339e+00
5.789122562559622764e+00
5.793509977456380078e+00
5.797897392353138279e+00
5.802284807249895593e+00
5.806672222146653795e+00
5.811059637043411108e+00
5.815447051940168421e+00
5.819834466836926623e+00
5.824221881733683936e+00
5.828609296630442138e+00
5.832996711527199452e+00
5.837384126423957653e+00
5.841771541320714967e+00
5.846158956217472280e+00
5.850546371114230482e+00
5.854933786010988683e+00
5.859321200907745997e+00
5.863708615804503310e+00
5.868096030701261512e+00
5.872483445598018825e+00
5.876870860494777027e+00
5.881258275391534340e+00
5.885645690288291654e+00
5.890033105185049855e+00
5.894420520081807169e+00
5.898807934978564482e+00
5.903195349875323572e+00
5.907582764772080886e+00
5.911970179668838199e+00
5.916357594565595512e+00
5.920745009462352826e+00
5.925132424359111916e+00
5.929519839255868341e+00
5.933907254152626543e+00
5.938294669049383856e+00
5.942682083946141169e+00
5.947069498842899371e+00
5.951456913739656684e+00
5.955844328636414886e+00
5.960231743533172200e+00
5.964619158429929513e+00
5.969006573326687715e+00
5.973393988223445028e+00
5.977781403120203230e+00
5.982168818016960543e+00
5.986556232913718745e+00
5.990943647810476946e+00
5.995331062707234260e+00
5.999718477603992461e+00
6.004105892500748887e+00
6.008493307397507976e+00
6.012880722294264402e+00
6.017268137191023492e+00
6.021655552087779917e+00
6.026042966984537230e+00
6.030430381881296320e+00
6.034817796778052745e+00
6.039205211674810947e+00
6.043592626571568260e+00
6.047980041468325574e+00
6.052367456365084664e+00
6.056754871261841977e+00
6.061142286158600179e+00
6.065529701055357492e+00
6.069917115952113917e+00
6.074304530848873007e+00
6.078691945745629432e+00
6.083079360642387634e+00
6.087466775539145836e+00
6.091854190435903149e+00
6.096241605332660463e+00
6.100629020229418664e+00
6.105016435126176866e+00
6.109403850022933291e+00
6.113791264919691493e+00
6.118178679816449694e+00
6.122566094713207008e+00
6.126953509609965209e+00
6.131340924506722523e+00
6.135728339403480724e+00
6.140115754300237150e+00
6.144503169196994463e+00
6.148890584093752665e+00
6.153277998990509978e+00
6.157665413887269068e+00
6.162052828784026381e+00
6.166440243680784583e+00
6.170827658577541897e+00
6.175215073474299210e+00
6.179602488371057412e+00
6.183989903267814725e+00
6.188377318164572038e+00
6.192764733061330240e+00
6.197152147958087554e+00
6.201539562854844867e+00
6.205926977751602180e+00
6.210314392648360382e+00
6.214701807545118584e+00
6.219089222441875897e+00
6.223476637338634099e+00
6.227864052235391412e+00
6.232251467132149614e+00
6.236638882028906927e+00
6.241026296925664241e+00
6.245413711822422442e+00
6.249801126719179756e+00
6.254188541615937957e+00
6.258575956512695271e+00
6.262963371409452584e+00
