0.000000000000000000e+00
0.000000000000000000e+00
0.000000000000000000e+00
0.000000000000000000e+00
0.000000000000000000e+00
0.000000000000000000e+00
0.000000000000000000e+00
0.000000000000000000e+00
0.000000000000000000e+00
0.000000000000000000e+00
5.115814226925338160e-01
6.866426660111371039e-01
1.440577757126995762e+00
8.121320512536026603e-01
1.349211791577407560e+00
1.350747119878767943e+00
1.677535894186308774e+00
1.669915747696029129e+00
1.529524516669551915e+00
1.876818315709865681e+00
1.693838687653555608e+00
2.119388973163851109e+00
1.848151699422034611e+00
2.263420082385989129e+00
1.806807825515619914e+00
2.283610846837568875e+00
2.298436977530268432e+00
2.407524041275180160e+00
2.259726728698424392e+00
2.297422977211105888e+00
2.566364227695725031e+00
2.376507492297909252e+00
2.430692683798305609e+00
2.438343897444330555e+00
2.447694146922328784e+00
2.575672070223223198e+00
2.373595730503194723e+00
2.604256017715690152e+00
2.547814640696527633e+00
2.758855291603817150e+00
2.511785183919426068e+00
2.961760919356723143e+00
2.961264279710257963e+00
7.425169703227869178e+00
5.054897908186324784e+00
3.650608882067423178e+00
2.851628840298319645e+00
3.176911082260045482e+00
2.791551038164639564e+00
4.392839761299866197e+00
7.922063663724599358e+00
8.027537225406016219e+00
7.862496487798082967e+00
7.832823558914773443e+00
7.472377277469499646e+00
7.628931659430700840e+00
7.400938517945818695e+00
7.307067523102809936e+00
7.000108010694743754e+00
7.104360662822586825e+00
6.991326146475379311e+00
7.113087982306583790e+00
6.669099023735273413e+00
6.778172055880289371e+00
6.449709471307738085e+00
6.536493220325448661e+00
6.203547870917815565e+00
6.308436654465396920e+00
5.871650477312196692e+00
6.168909246076957231e+00
5.915824458077068471e+00
5.998995955781740719e+00
5.688969406776035243e+00
5.849297898564397080e+00
5.735885544082911736e+00
5.781556483567502625e+00
5.670392509227492717e+00
5.610590812892263024e+00
5.442680784548588058e+00
5.756492039561950769e+00
5.747512556765952851e+00
5.842657087874214561e+00
5.818389812838653974e+00
7.548493003293185843e+00
1.723049847109757238e+01
4.149269324964198802e+01
5.710024023870528254e+01
5.116987111721252290e+01
1.338883469944153681e+01
5.805055003132548741e+00
5.488563377224263462e+00
5.606070938376685575e+00
4.887532274014055211e+00
3.758045553756629964e+00
3.900531594907776345e+00
4.488901458938176603e+00
5.917395794157512157e+00
6.327257422268714571e+00
6.296814226032852346e+00
6.833580950252237329e+00
7.035722054317992580e+00
7.844070085511673618e+00
8.144489959612165819e+00
8.870893660731780983e+00
9.572878540407808501e+00
1.075557266406901213e+01
1.170542222919352859e+01
1.337546802877556296e+01
1.483847887796782139e+01
1.725336935922950943e+01
1.950276236660070595e+01
2.274740131302278812e+01
2.598345615827216903e+01
3.013729101766269380e+01
3.304323988848970828e+01
3.741471412875480951e+01
4.190549289750347839e+01
4.629827695445782609e+01
4.899300821569404008e+01
5.045152704849490988e+01
5.296508915817085494e+01
4.989252609520637805e+01
4.786270755040681735e+01
4.399359200392481739e+01
3.972136261476764219e+01
3.554748741923351218e+01
3.164312909900119664e+01
2.743644304238755893e+01
2.380915821386641795e+01
2.129374426587553870e+01
1.886320867444189631e+01
1.679489929083742794e+01
1.491256949722946246e+01
1.373439410285397067e+01
1.264641929713871171e+01
1.168285415309700959e+01
1.069043973788610558e+01
1.043515561104435285e+01
9.629204088929455452e+00
9.477262907563755334e+00
8.824109496265945651e+00
8.810817661002371182e+00
8.286731925871333004e+00
8.363638195509121687e+00
8.158720443600833150e+00
8.070464877343832555e+00
7.778000734410253081e+00
7.959309674820482350e+00
7.950897728118612839e+00
7.992355380540664633e+00
7.694524272167720724e+00
8.088501474364376165e+00
8.036600326600380484e+00
8.391820976124760634e+00
8.040330073772336661e+00
8.538041059554602796e+00
8.618320782242888001e+00
9.001322365253244584e+00
8.784709090425002032e+00
8.942233426292194309e+00
9.141231058616874350e+00
9.393285787297029898e+00
9.425916604716615410e+00
9.613953890849941786e+00
9.769342537835512985e+00
1.006907209468901065e+01
1.023187022794297540e+01
1.042121287274787989e+01
1.063059876814909366e+01
1.108293636649120373e+01
1.130237029569503449e+01
1.168052233433948039e+01
1.178304865868371465e+01
1.265121948903183657e+01
1.321869743353255089e+01
1.378586564895987543e+01
1.420793640047872408e+01
1.538936856883722548e+01
1.939856670986208442e+01
6.933785393836664923e+01
2.105891886912087330e+01
1.301795657216662505e+02
2.389063504570100065e+02
3.974319694892155326e+02
8.952799939576586041e+01
3.800721814518919928e+02
3.101805379612886782e+02
1.961713790939086834e+02
4.937629719985876164e+01
5.291185264011694045e+01
1.655918293486578108e+01
1.513795496996892886e+01
1.311578577469261120e+01
1.337913117240793781e+01
1.246961026738449263e+01
1.189461366589467772e+01
1.042743797132332340e+01
9.930183418883141044e+00
8.828400721699736664e+00
8.090046583148101433e+00
7.471291802839179930e+00
8.579816052755479205e+00
1.002043312619860060e+01
8.661264827462469285e+00
8.568764285930209113e+00
9.083881335815645386e+00
9.080499457556312493e+00
8.876527456120340887e+00
8.446271827700206458e+00
8.865131667310761188e+00
8.784532593407451628e+00
8.782133995181926167e+00
8.506574155960214156e+00
8.820915815594307929e+00
8.756813195363994495e+00
8.800568065140472740e+00
8.607896902476829482e+00
8.816698449154177553e+00
8.877600023041658517e+00
8.835050568111954661e+00
8.721909807446323271e+00
8.912335315421726634e+00
8.948743612329193908e+00
1.075194194675351511e+01
1.447250889117163730e+01
2.139214465037849422e+01
2.262112680955260657e+01
1.817934778095853687e+01
1.837072494135039236e+01
2.104090485222326024e+01
2.405386718204472984e+01
2.239173288249392257e+01
1.833918748718585334e+01
8.227256109552735452e+00
5.635206456116454987e+00
5.072139958988185704e+00
3.862206267126779835e+00
4.056167558000383977e+00
3.369350010584382105e+00
3.479542224284571716e+00
3.177711125090934008e+00
3.338775997420228236e+00
3.128253383894213258e+00
