5.207820814923565855e+00
5.212206092165717841e+00
5.216591369407869827e+00
5.220976646650020925e+00
5.225361923892172911e+00
5.229747201134324897e+00
5.234132478376476882e+00
5.238517755618628868e+00
5.242903032860780854e+00
5.247288310102932840e+00
5.251673587345084826e+00
5.256058864587236812e+00
5.260444141829387910e+00
5.264829419071539895e+00
5.269214696313690993e+00
5.273599973555842979e+00
5.277985250797994965e+00
5.282370528040146951e+00
5.286755805282298937e+00
5.291141082524450923e+00
5.295526359766602020e+00
5.299911637008754006e+00
5.304296914250905992e+00
5.308682191493057978e+00
5.313067468735209964e+00
5.317452745977361062e+00
5.321838023219513047e+00
5.326223300461665033e+00
5.330608577703817019e+00
5.334993854945969005e+00
5.339379132188120103e+00
5.343764409430272977e+00
5.348149686672424075e+00
5.352534963914576061e+00
5.356920241156728046e+00
5.361305518398880920e+00
5.365690795641031130e+00
5.370076072883184004e+00
5.374461350125335102e+00
5.378846627367487088e+00
5.383231904609639074e+00
5.387617181851791059e+00
5.392002459093943045e+00
5.396387736336095031e+00
5.400773013578246129e+00
5.405158290820399003e+00
5.409543568062550101e+00
5.413928845304702087e+00
5.418314122546853184e+00
5.422699399789005170e+00
5.427084677031158044e+00
5.431469954273310030e+00
5.435855231515460240e+00
5.440240508757613114e+00
5.444625785999765100e+00
5.449011063241917086e+00
5.453396340484069071e+00
5.457781617726220169e+00
5.462166894968372155e+00
5.466552172210524141e+00
5.470937449452676127e+00
5.475322726694827224e+00
5.479708003936979210e+00
5.484093281179130308e+00
5.488478558421283182e+00
5.492863835663435168e+00
5.497249112905587154e+00
5.501634390147739140e+00
5.506019667389890238e+00
5.510404944632042223e+00
5.514790221874194209e+00
5.519175499116346195e+00
5.523560776358498181e+00
5.527946053600649279e+00
5.532331330842801265e+00
5.536716608084953251e+00
5.541101885327105236e+00
5.545487162569257222e+00
5.549872439811409208e+00
5.554257717053560306e+00
5.558642994295712292e+00
5.563028271537864278e+00
5.567413548780016264e+00
5.571798826022168249e+00
5.576184103264319347e+00
5.580569380506471333e+00
5.584954657748622431e+00
5.589339934990774417e+00
5.593725212232927291e+00
5.598110489475079277e+00
5.602495766717230374e+00
5.606881043959382360e+00
5.611266321201534346e+00
5.615651598443686332e+00
5.620036875685838318e+00
5.624422152927989416e+00
5.628807430170141402e+00
5.633192707412293387e+00
5.637577984654445373e+00
5.641963261896597359e+00
5.646348539138748457e+00
5.650733816380900443e+00
5.655119093623052429e+00
5.659504370865204415e+00
5.663889648107356400e+00
5.668274925349507498e+00
5.672660202591659484e+00
5.677045479833811470e+00
5.681430757075963456e+00
5.685816034318115442e+00
5.690201311560267428e+00
5.694586588802418525e+00
5.698971866044571399e+00
5.703357143286722497e+00
5.707742420528874483e+00
5.712127697771026469e+00
5.716512975013177567e+00
5.720898252255329552e+00
5.725283529497481538e+00
5.729668806739633524e+00
5.734054083981785510e+00
5.738439361223937496e+00
5.742824638466088594e+00
5.747209915708241468e+00
5.751595192950392565e+00
5.755980470192544551e+00
5.760365747434696537e+00
5.764751024676847635e+00
5.769136301918999621e+00
5.773521579161151607e+00
5.777906856403304481e+00
5.782292133645455579e+00
5.786677410887607564e+00
5.791062688129758662e+00
5.795447965371910648e+00
5.799833242614063522e+00
5.804218519856214620e+00
5.808603797098366606e+00
5.812989074340518592e+00
5.817374351582670577e+00
5.821759628824821675e+00
5.826144906066973661e+00
5.830530183309125647e+00
5.834915460551277633e+00
5.839300737793428731e+00
5.843686015035580716e+00
5.848071292277733590e+00
5.852456569519884688e+00
5.856841846762036674e+00
5.861227124004188660e+00
5.865612401246339758e+00
5.869997678488492632e+00
5.874382955730643729e+00
5.878768232972795715e+00
5.883153510214947701e+00
5.887538787457098799e+00
5.891924064699250785e+00
5.896309341941403659e+00
5.900694619183554757e+00
5.905079896425705854e+00
5.909465173667858728e+00
5.913850450910009826e+00
5.918235728152162700e+00
5.922621005394314686e+00
5.927006282636466672e+00
5.931391559878616881e+00
5.935776837120769756e+00
5.940162114362920853e+00
5.944547391605072839e+00
5.948932668847225713e+00
5.953317946089376811e+00
5.957703223331527909e+00
5.962088500573679895e+00
5.966473777815832769e+00
5.970859055057984754e+00
5.975244332300136740e+00
5.979629609542287838e+00
5.984014886784438936e+00
5.988400164026590922e+00
5.992785441268743796e+00
5.997170718510894893e+00
6.001555995753046879e+00
6.005941272995198865e+00
6.010326550237350851e+00
6.014711827479501949e+00
6.019097104721654823e+00
6.023482381963806809e+00
6.027867659205957906e+00
6.032252936448109892e+00
6.036638213690261878e+00
6.041023490932413864e+00
6.045408768174564962e+00
6.049794045416716060e+00
6.054179322658868934e+00
6.058564599901020920e+00
6.062949877143172905e+00
6.067335154385324003e+00
6.071720431627476877e+00
6.076105708869627975e+00
6.080490986111779961e+00
6.084876263353931947e+00
6.089261540596083044e+00
6.093646817838235030e+00
6.098032095080387016e+00
6.102417372322539002e+00
6.106802649564690988e+00
6.111187926806842974e+00
6.115573204048994960e+00
6.119958481291146057e+00
6.124343758533298043e+00
6.128729035775450029e+00
6.133114313017602015e+00
6.137499590259753113e+00
6.141884867501905099e+00
6.146270144744057085e+00
6.150655421986209070e+00
6.155040699228361056e+00
6.159425976470513042e+00
6.163811253712665028e+00
6.168196530954816126e+00
6.172581808196968112e+00
6.176967085439120098e+00
6.181352362681272083e+00
6.185737639923424069e+00
6.190122917165575167e+00
6.194508194407727153e+00
6.198893471649879139e+00
6.203278748892031125e+00
6.207664026134183111e+00
6.212049303376335097e+00
6.216434580618486194e+00
6.220819857860638180e+00
6.225205135102790166e+00
6.229590412344942152e+00
6.233975689587094138e+00
6.238360966829245235e+00
6.242746244071397221e+00
6.247131521313549207e+00
6.251516798555701193e+00
6.255902075797853179e+00
6.260287353040005165e+00
6.264672630282156263e+00
6.269057907524308249e+00
