0.000000000000000000e+00
0.000000000000000000e+00
0.000000000000000000e+00
0.000000000000000000e+00
0.000000000000000000e+00
0.000000000000000000e+00
0.000000000000000000e+00
0.000000000000000000e+00
0.000000000000000000e+00
0.000000000000000000e+00
0.000000000000000000e+00
0.000000000000000000e+00
0.000000000000000000e+00
7.200569432481577214e-01
6.206216987819241915e-01
1.196974970067409494e+00
1.231745331800302212e+00
1.123723131875919545e+00
1.465037413185049209e+00
1.459849788774407964e+00
1.952514474257997845e+00
1.411167737313874682e+00
1.967619010876352936e+00
1.757836478323409946e+00
2.473221579957576743e+00
1.703072177561610001e+00
2.380435472173314082e+00
1.976923600981248974e+00
2.889283391366449738e+00
2.016970479260417726e+00
2.681508446890248365e+00
2.151393233458937182e+00
3.051062965237612001e+00
2.213658193766410154e+00
2.876660549663103694e+00
2.285657409384417971e+00
3.167641130261687810e+00
2.328583670795363325e+00
3.133403069693053045e+00
2.339440391450371415e+00
3.388327878418164740e+00
2.297358463723872202e+00
3.408365512780367812e+00
2.451318107082899544e+00
3.751037715460673994e+00
3.167493959072231746e+00
8.725610515050961524e+00
5.099090945615479598e+00
7.583029770818626503e+00
8.075244582640557667e+00
9.853676133525578251e+00
9.411547715251000312e+00
1.022790378410318013e+01
8.744392906332807414e+00
8.679052443385987914e+00
8.145216845728111110e+00
8.426118580196209962e+00
8.097095579343234206e+00
8.107362152816390832e+00
7.891036597709282674e+00
7.976759212913795416e+00
7.847633139128055824e+00
7.828433641279146649e+00
7.480908025042010578e+00
7.450506205129363124e+00
7.293806548318149119e+00
7.214688256716265791e+00
6.923085081875449909e+00
6.926384194789260818e+00
6.887090203106836839e+00
6.793453355640235003e+00
6.574268424441692460e+00
6.684611624012740450e+00
6.609793684391793711e+00
6.530319405809277278e+00
6.362252074121720113e+00
6.471471709034861242e+00
6.431138024322454072e+00
6.303633100319284033e+00
6.293236658432415531e+00
6.406323802344738638e+00
6.557539677751372587e+00
6.528165096620204721e+00
6.691447082513963807e+00
8.275539981646192089e+00
3.733178219390866559e+01
3.189131301957549169e+01
2.939134270162977458e+01
3.519270131058888751e+01
2.010878533380799738e+01
8.142054144201377852e+00
5.861293231868891951e+00
5.386897497026736481e+00
4.658269595993700385e+00
5.390212067487306413e+00
6.489919764805713420e+00
7.841286508914802944e+00
7.955503332846956432e+00
8.520941195468191509e+00
8.903160773010579732e+00
1.022801953825461396e+01
1.093170147011947257e+01
1.259214146432382009e+01
1.332872402153726554e+01
1.605131862997175674e+01
1.676547910569863475e+01
1.953418557090407504e+01
1.995404585721968971e+01
2.384873505851675901e+01
2.331441915755038252e+01
2.674607142221386624e+01
2.539599309402364824e+01
2.973819970437011762e+01
2.719983996954340810e+01
3.026413881218509161e+01
2.744736817458970535e+01
3.128755091736991290e+01
2.725880164374565595e+01
2.893807902290064860e+01
2.513078370017790775e+01
2.710784862274629248e+01
2.350037854998569387e+01
2.385836440863124608e+01
2.095195704357042032e+01
2.175352129381326094e+01
1.889481683571111859e+01
1.887659738239981522e+01
1.694190775841596164e+01
1.719252918497389970e+01
1.537687540240558448e+01
1.516133933657971511e+01
1.404226320105190062e+01
1.416732085198386848e+01
1.287597295702517819e+01
1.266496774775371037e+01
1.191546843320872462e+01
1.194386138589411139e+01
1.086463778355187415e+01
1.075447623364918925e+01
1.030981891518408844e+01
1.022262819301001713e+01
9.507538959372944021e+00
9.488241999729362774e+00
8.904698801386636831e+00
8.769163897664009610e+00
8.091303551609012601e+00
8.106018761259793592e+00
7.868849135099897474e+00
7.768606370492935120e+00
7.430824982503938081e+00
7.496034133854818649e+00
7.323663610557062498e+00
7.323103838690712131e+00
7.030815077352287723e+00
7.211605250545468415e+00
7.130969425382677862e+00
7.142896476606970246e+00
6.988219467205255775e+00
7.188229794293994779e+00
7.109077486955788672e+00
7.158163524822930945e+00
7.141696489517272539e+00
7.571375247157891231e+00
7.357605210309631438e+00
7.274119457976836678e+00
7.202234298587184114e+00
7.626025017340099410e+00
7.552748420167150201e+00
7.562729054983670984e+00
7.609675890588364133e+00
8.129510235128950768e+00
7.814962343054001614e+00
7.828156027994689126e+00
8.035131418561581640e+00
8.381328862782043032e+00
8.024504580527986874e+00
8.149840466097288072e+00
8.466417187257668786e+00
8.900014809117546832e+00
7.504561253411256239e+00
7.235145743830752707e+00
8.174984716021537423e+00
7.873118830235423360e+00
1.327835936585159615e+01
2.487100642487366997e+01
6.320669530969336591e+01
4.661966159447707270e+01
1.075424453952223018e+02
2.980940673395878093e+02
4.330689015587880704e+02
8.850462757043281670e+01
3.243854140261504995e+02
2.029752633644721698e+02
1.623305789038601858e+02
1.785021842135567738e+01
9.031946336750898752e+00
7.507341044618235593e+00
7.445607102424680157e+00
6.804009089445449021e+00
6.810425351105600988e+00
6.220087134411206975e+00
6.244925928812600446e+00
6.200658563347065666e+00
5.988625112003668427e+00
5.697203083296473736e+00
5.975400007480004660e+00
6.002228674461247415e+00
5.788092201209802390e+00
5.592878572579953911e+00
5.979402814479638728e+00
5.339361382125331623e+00
5.546548307806398626e+00
5.617419233340010365e+00
5.630532775627416164e+00
5.544232858757966120e+00
5.903123504958090351e+00
5.963489694140087671e+00
5.799863587629153550e+00
5.845138703577446471e+00
5.954534784015288906e+00
5.938914915324799537e+00
6.142438954724144473e+00
6.166781649574836877e+00
6.047753660397543030e+00
6.293346711636121249e+00
6.633895389978182955e+00
6.383839227029561414e+00
6.418694550746339544e+00
6.826114995433488097e+00
6.780479814940743921e+00
6.568412743291849765e+00
6.922085495998609339e+00
6.941094181732376356e+00
6.822740850374791499e+00
7.203467302448103737e+00
1.140726668070617578e+01
7.802130771932122855e+01
8.053067237889651153e+01
2.853079758067716654e+01
8.972966544144231449e+00
7.947250356874672406e+00
7.625691966361912932e+00
7.698498106582426281e+00
